0 0 50 65 92 25 15 9 8 0 0 0 100 100 100 0 0 0 0 0
1 2 0 35 78 125 14 12 10 0 0 0 100 0 0 50 0 100 0 0
2 1 0 35 104 44 14 11 11 0 0 0 0 0 0 0 0 0 0 0
3 2 0 35 50 125 14 12 10 0 0 0 100 0 0 50 0 100 0 0
4 2 0 35 40 125 14 12 10 0 0 0 100 0 0 50 0 100 0 0
5 2 0 35 30 125 14 12 10 0 0 0 100 0 0 50 0 100 0 0
6 2 0 35 10 125 14 12 10 0 0 0 100 0 0 50 0 100 0 0
7 2 0 35 10 125 14 12 10 0 0 0 100 0 0 50 0 100 0 0
8 2 0 35 5 125 14 12 10 0 0 0 100 0 0 50 0 100 0 0
9 2 0 35 1 125 14 12 10 0 0 0 100 0 0 50 0 100 0 0
