350,79,414,143,839,0,new_Button,16,16
341,14,344,17,0,0,radar_blimp,16,16
0,0,0,0,0,0,Font_ammo,16,16
0,0,0,0,0,0,Font_ammo,16,16
0,0,409,0,0,0,Font_ammo,16,16
343,164,359,182,339,200,substract_strength,16,16
343,164,359,182,339,232,substract_intelligence,16,16
343,164,359,182,339,264,substract_wisdom,16,16
343,164,359,182,339,296,substract_constitution,16,16
343,164,359,182,339,328,substract_charisma,16,16
343,164,359,182,339,358,substract_dexterity,16,16
343,147,359,164,470,200,add_strength,16,16
343,147,359,164,470,232,add_intelligence,16,16
343,147,359,164,470,264,add_wisdom,16,16
343,147,359,164,470,296,add_constitution,16,16
343,147,359,164,470,328,add_charisma,16,16
343,147,359,164,470,358,add_dexterity,16,16
351,45,457,72,359,200,Border,0,0
351,45,457,72,359,232,Border,0,0
351,45,457,72,359,264,Border,0,0
351,45,457,72,359,296,Border,0,0
351,45,457,72,359,328,Border,0,0
351,45,457,72,359,358,Border,0,0
351,45,457,72,359,168,Border,0,0
351,45,457,72,559,168,Race_button,16,16
351,45,457,72,559,218,Alignment_button,16,16
351,45,457,72,559,268,Sex_button,16,16
351,45,457,72,559,318,Guild_button,16,16
351,45,457,72,559,368,Weapon_button,128,27
351,45,457,72,700,600,save_button,128,27
351,45,457,72,700,650,cancel_button,128,27
351,45,457,72,300,700,Button,128,27
351,45,457,72,359,388,Reset,128,27
left,top,right,bottom,location_x,location_y,name,xsize,ysize